0.692417 0.000001
0.749289 0.000001
0.746919 0.053365
0.569194 0.062646
0.949288 0.132251
0.948340 0.139212
0.624644 0.171695
0.696208 0.199537
0.655450 0.248260
0.663981 0.278422
0.806161 0.278422
0.954975 0.283063
0.820378 0.306265
0.615640 0.359629
0.931753 0.364269
0.391943 0.378191
0.709004 0.389792
0.635545 0.417634
0.749289 0.417634
0.930331 0.482599
0.970141 0.505801
0.745023 0.526683
0.913743 0.526683
0.843601 0.542923
0.578673 0.556845
0.720853 0.556845
0.891468 0.556845
0.958293 0.596288
0.999999 0.654292
0.906160 0.663573
0.574407 0.677494
0.921326 0.679814
0.436493 0.696055
0.726066 0.700696
0.957819 0.700696
0.882938 0.705336
0.797630 0.809744
0.112323 0.853828
0.491469 0.867749
0.655450 0.870069
0.326067 0.872389
0.421327 0.872389
0.000001 0.895591
0.214218 0.958236
0.823222 0.962876
0.038390 0.974477
0.209005 0.974477
0.319906 0.979117
0.508531 0.995359
0.956871 0.999999
