0.826536 0.550938
0.989785 0.359438
0.405793 0.709359
0.609980 0.185491
0.011203 0.254930
0.000001 0.239301
0.064465 0.183239
0.777540 0.118191
0.610567 0.170914
0.748508 0.124065
0.620355 0.196246
0.923602 0.454838
0.899044 0.220669
0.942200 0.210522
0.928828 0.212780
0.759515 0.142826
0.667440 0.117946
0.957075 0.232151
0.945541 0.220573
0.886505 0.176877
0.537767 0.190325
0.934653 0.274805
0.839813 0.000001
0.835310 0.033877
0.809273 0.040250
0.986746 0.267037
0.712281 0.104929
0.840858 0.181135
0.158781 0.282983
0.828969 0.158597
0.582992 0.229570
0.485713 0.447374
0.788823 0.151760
0.999999 0.347732
0.991536 0.378418
0.961609 0.357277
0.798848 0.605419
0.703791 0.202813
0.992144 0.293505
0.005386 0.222863
