0.830205 0.550938
0.990001 0.359438
0.418362 0.709359
0.618231 0.185491
0.032119 0.254930
0.021155 0.239301
0.084255 0.183239
0.782245 0.118191
0.618805 0.170914
0.753828 0.124065
0.628386 0.196246
0.925218 0.454838
0.901180 0.220669
0.943423 0.210522
0.930334 0.212780
0.764602 0.142826
0.674474 0.117946
0.957983 0.232151
0.946693 0.220573
0.888906 0.176877
0.547545 0.190325
0.936035 0.274805
0.843201 0.000001
0.838794 0.033877
0.813307 0.040250
0.987026 0.267037
0.718367 0.104929
0.844224 0.181135
0.176576 0.282983
0.832587 0.158597
0.591814 0.229570
0.496593 0.447374
0.793290 0.151760
0.999999 0.347732
0.972613 0.420132
0.991715 0.378418
0.962421 0.357277
0.891109 0.506999
0.803103 0.605419
0.710057 0.202813
0.992310 0.293505
0.026426 0.222863
0.766742 0.110363
0.955155 0.288106
0.996558 0.328083
0.876227 0.248088
0.888872 0.223849
0.596690 0.242316
0.057529 0.516406
0.000001 0.328906
