0.653497 0.000001
0.717565 0.000001
0.714895 0.061334
0.514682 0.072001
0.942872 0.152000
0.941804 0.160001
0.577149 0.197334
0.657768 0.229334
0.611852 0.285333
0.621463 0.320000
0.781633 0.320000
0.949278 0.325334
0.797650 0.352001
0.567005 0.413334
0.923117 0.418667
0.315003 0.434667
0.672183 0.448000
0.589429 0.480000
0.717565 0.480000
0.921515 0.554667
0.966363 0.581333
0.712760 0.605333
0.902829 0.605333
0.823811 0.624000
0.525360 0.640000
0.685531 0.640000
0.877736 0.640000
0.953016 0.685333
0.999999 0.751999
0.894286 0.762665
0.520555 0.778666
0.911371 0.781333
0.365190 0.799999
0.691404 0.805333
0.952482 0.805333
0.868125 0.810665
0.772023 0.930665
0.000001 0.981332
0.427122 0.997332
0.611852 0.999999
