0.494154 0.000001
0.587685 0.000001
0.583788 0.080421
0.291505 0.094406
0.916601 0.199301
0.915042 0.209791
0.382697 0.258742
0.500390 0.300700
0.433359 0.374126
0.447389 0.419580
0.681216 0.419580
0.925954 0.426574
0.704598 0.461539
0.367888 0.541959
0.887762 0.548951
0.000001 0.569931
0.521434 0.587413
0.400624 0.629371
0.587685 0.629371
0.885424 0.727273
0.950895 0.762238
0.580670 0.793707
0.858144 0.793707
0.742790 0.818182
0.307093 0.839161
0.540920 0.839161
0.821511 0.839161
0.931410 0.898601
0.999999 0.986013
0.845674 0.999999
